       N       E                     dE             d eps       ncg     rms          ort
SDA:   1    -0.217642601473E+03   -0.21764E+03   -0.58632E-03  3120   0.293E-02 0.000E+00
DMP:   2    -0.217642892455E+03   -0.29098E-03   -0.20820E-04  3120   0.114E-03-0.193E-04
DMP:   3    -0.217642840993E+03    0.51462E-04   -0.95802E-04  3120   0.799E-03-0.616E-03
DMP:   4    -0.217642904092E+03   -0.63099E-04   -0.46548E-04  3120   0.153E-03 0.154E-03
DMP:   5    -0.217642911300E+03   -0.72075E-05   -0.61196E-05  3120   0.114E-03-0.160E-03
   1 F= -.21764291E+03 E0= -.21764291E+03  d E =-.107130E-10
