       N       E                     dE             d eps       ncg     rms          ort
SDA:   1    -0.107212387909E+03   -0.10721E+03    0.00000E+00  1560   0.650E-01 0.000E+00
CGA:   2    -0.107217437436E+03   -0.50495E-02   -0.50482E-02  1560   0.281E-02 0.259E-03
CGA:   3    -0.107217939476E+03   -0.50204E-03   -0.50061E-03  1560   0.511E-03 0.142E-04
CGA:   4    -0.107218058135E+03   -0.11866E-03   -0.11923E-03  1560   0.219E-03-0.344E-05
CGA:   5    -0.107218100888E+03   -0.42753E-04   -0.42406E-04  1560   0.112E-03 0.325E-05
CGA:   6    -0.107218123746E+03   -0.22858E-04   -0.23211E-04  1560   0.602E-04-0.318E-05
CGA:   7    -0.107218133469E+03   -0.97234E-05   -0.97083E-05  1560   0.305E-04 0.181E-06
   1 F= -.10721813E+03 E0= -.10721399E+03  d E =-.829378E-02
