       N       E                     dE             d eps       ncg     rms          rms(c)
DAV:   1    -0.904308520206E+02   -0.90431E+02   -0.46242E-04  4096   0.193E-01
DAV:   2    -0.904308641136E+02   -0.12093E-04   -0.12093E-04  3380   0.434E-02
DAV:   3    -0.904308645133E+02   -0.39976E-06   -0.39992E-06  1816   0.770E-03
   1 F= -.90430865E+02 E0= -.90427545E+02  d E =-.663968E-02
